Header video 24 duration=5

Camera 0 10 25 960 540 55

Light 0 10 6 255 220 180 1.0
Light 0 10 8 255 200 140 0.15
Light 0 10 80 120 130 150 0.20
Light -12 18 40 90 110 140 0.10

Sphere 0 10 0 1.6 255 210 90
Sphere (-3,-14) (-14,23) 0 0.45 190 180 170
Sphere (-15,-16) (-15,17) 0 0.65 220 190 140
Sphere (-7,11) (-12,27) 0 0.70 90 130 255
Sphere (-5,13) (-19,23) 0 0.55 190 90 70
Sphere (-18,-15) (-18,14) 0 1.1 210 180 140
Sphere (-19,-19) (-22,18) 0 1.0 220 200 160
Sphere (-9,16) (-7,29) 0 0.85 170 220 230
Sphere (-16,-14) (-6,14) 0 0.85 90 140 220
