Header video 24 duration=1

Camera 0 10 25 960 540 55

Light 0 10 6 255 220 180 1.0
Light 0 10 8 255 200 140 0.15
Light 0 10 80 120 130 150 0.20
Light -12 18 40 90 110 140 0.10

Sphere 0 10 0 1.6 255 210 90
Sphere (3,-4) (14,13) 0 0.45 190 180 170
Sphere (-5,-6.41) (15,7.01) 0 0.65 220 190 140
Sphere (7,1.77) (12,17.06) 0 0.70 90 130 255
Sphere (5,3.98) (9,13.19) 0 0.55 190 90 70
Sphere (-8,-5.93) (8,4.27) 0 1.1 210 180 140
Sphere (-9,-9) (12,8.01) 0 1.0 220 200 160
Sphere (9,6.06) (17,19.66) 0 0.85 170 220 230
Sphere (-6,-4.76) (6,4.58) 0 0.85 90 140 220
