Header video 24 duration=3.0

Camera 0 2 8 960 540 50

Light (4,-4) 6 -2 255 240 210 1.0
Light -5 3 -6 130 170 255 0.6
Light 0 8 -14 255 120 100 0.4

Plane 0 -1.5 0 0 1 0 215 205 190
Plane 0 0 -20 0 0 1 30 32 36
Plane -6 0 0 1 0 0 80 90 110
Plane 6 0 0 -1 0 0 100 80 70

Sphere 0 0 -8 1.4 230 200 120
Sphere (-3,3) 0.6 (-6,-10) 0.55 120 200 240
Sphere (3,-3) 0.9 (-10,-6) 0.5 240 160 90
Sphere 0 (1.5,0.3) (-5,-12) 0.45 140 220 140
Sphere -1.5 0.2 (-13,-7) 0.35 200 120 210
Sphere 2.2 (0.1,1.2) -14 0.7 90 140 230
