Header video 30 duration=2.2

Camera 0 1.2 (6,0) 960 540 55

Light 0 5 (-4,-12) 255 220 200 0.9
Light 3 3 -8 120 200 255 0.5
Light -3 2 -16 255 120 160 0.4
Light 0 2 6 255 255 255 0.2

Plane 0 -1 0 0 1 0 40 40 50
Plane 0 3 0 0 -1 0 25 25 30
Plane -4 0 0 1 0 0 70 80 100
Plane 4 0 0 -1 0 0 100 80 70
Plane 0 0 -26 0 0 1 20 20 25

Sphere 0 -0.2 -6 0.6 200 80 70
Sphere -1.5 0.4 -10 0.8 80 200 120
Sphere 1.8 0.2 -14 0.7 80 130 220
Sphere (-2.5,2.5) 1.0 -18 0.9 220 200 80
Sphere 0.5 (0.2,1.2) -22 0.5 200 100 200
Sphere 0.0 -0.5 -8 0.4 160 160 200
